GermanCredit0.2_0.2
0.7185929648241206 0.7437185929648241 0.7788944723618091 0.7839195979899497 0.7386934673366834 
last_mean_acc: 0.7527638190954773 
last_std: 0.024903541092188678 

GermanCredit0.2_0.2
0.7236180904522613 0.7688442211055276 0.7386934673366834 0.7788944723618091 0.7537688442211056 
last_mean_acc: 0.7527638190954774 
last_std: 0.01994917913696403 

GermanCredit0.3_0.1
0.7638190954773869 0.7889447236180904 0.7085427135678392 0.7386934673366834 0.6180904522613065 
last_mean_acc: 0.7236180904522613 
last_std: 0.05911735143659393 

GermanCredit0.4_0.4
0.7135678391959799 0.6532663316582915 0.5829145728643216 0.6683417085427136 0.6381909547738693 
last_mean_acc: 0.6512562814070352 
last_std: 0.04247346052083506 

GermanCredit0.4_0.4
0.7085427135678392 0.6381909547738693 0.5527638190954773 0.6984924623115578 0.6733668341708543 
last_mean_acc: 0.6542713567839196 
last_std: 0.0562634572955916 

GermanCredit0.2_0.2
0.7537688442211056 0.7587939698492462 0.7788944723618091 0.7788944723618091 0.7286432160804021 
last_mean_acc: 0.7597989949748744 
last_std: 0.018640439186926035 

GermanCredit0.0_0.0
0.7035175879396985 0.8090452261306532 0.7537688442211056 0.7587939698492462 0.7487437185929648 
last_mean_acc: 0.7547738693467336 
last_std: 0.03354436033824849 

GermanCredit0.0_0.0
0.7386934673366834 0.8190954773869347 0.7638190954773869 0.7437185929648241 0.7236180904522613 
last_mean_acc: 0.757788944723618 
last_std: 0.03324188021817332 

GermanCredit0.2_0.2
0.7386934673366834 0.7386934673366834 0.6884422110552764 0.7839195979899497 0.7587939698492462 
last_mean_acc: 0.7417085427135677 
last_std: 0.031397988646860914 

GermanCredit0.3_0.1
0.7889447236180904 0.7939698492462312 0.7437185929648241 0.7437185929648241 0.6381909547738693 
last_mean_acc: 0.7417085427135678 
last_std: 0.05601155695715688 

GermanCredit0.4_0.4
0.6532663316582915 0.6331658291457286 0.5577889447236181 0.6884422110552764 0.6683417085427136 
last_mean_acc: 0.6402010050251257 
last_std: 0.04501345864634915 

GermanCredit0.0_0.0
0.7336683417085427 0.7889447236180904 0.7889447236180904 0.7336683417085427 0.7437185929648241 
last_mean_acc: 0.757788944723618 
last_std: 0.02570193337194859 

GermanCredit0.2_0.2
0.7537688442211056 0.7236180904522613 0.7035175879396985 0.7738693467336684 0.7286432160804021 
last_mean_acc: 0.7366834170854271 
last_std: 0.024535790182379294 

GermanCredit0.3_0.1
0.7437185929648241 0.7738693467336684 0.7085427135678392 0.7336683417085427 0.6180904522613065 
last_mean_acc: 0.7155778894472362 
last_std: 0.05304781194129305 

GermanCredit0.4_0.4
0.6884422110552764 0.6633165829145728 0.592964824120603 0.6934673366834171 0.6733668341708543 
last_mean_acc: 0.6623115577889448 
last_std: 0.036292402181442786 

GermanCredit0.0_0.0
0.7537688442211056 0.8241206030150754 0.7839195979899497 0.7236180904522613 0.7135678391959799 
last_mean_acc: 0.7597989949748744 
last_std: 0.040501390310773634 

GermanCredit0.2_0.2
0.7487437185929648 0.7437185929648241 0.7587939698492462 0.7638190954773869 0.7336683417085427 
last_mean_acc: 0.7497487437185929 
last_std: 0.010730731911589256 

GermanCredit0.3_0.1
0.7688442211055276 0.7839195979899497 0.7185929648241206 0.7386934673366834 0.6331658291457286 
last_mean_acc: 0.728643216080402 
last_std: 0.052895265796746804 

GermanCredit0.4_0.4
0.6733668341708543 0.6582914572864321 0.5477386934673367 0.6381909547738693 0.6733668341708543 
last_mean_acc: 0.6381909547738693 
last_std: 0.04703259882129684 

GermanCredit0.0_0.0
0.7185929648241206 0.8040201005025126 0.7688442211055276 0.7286432160804021 0.7487437185929648 
last_mean_acc: 0.7537688442211056 
last_std: 0.030483921383121813 

GermanCredit0.2_0.2
0.7638190954773869 0.7386934673366834 0.7185929648241206 0.7839195979899497 0.7286432160804021 
last_mean_acc: 0.7467336683417085 
last_std: 0.02391030603692524 

GermanCredit0.3_0.1
0.7688442211055276 0.7688442211055276 0.6984924623115578 0.7085427135678392 0.628140703517588 
last_mean_acc: 0.714572864321608 
last_std: 0.052261306532663296 

GermanCredit0.4_0.4
0.6432160804020101 0.6432160804020101 0.5527638190954773 0.6733668341708543 0.6834170854271356 
last_mean_acc: 0.6391959798994974 
last_std: 0.04609987916052148 

GermanCredit0.2_0.2
0.7638190954773869 0.7336683417085427 0.7236180904522613 0.7788944723618091 0.7587939698492462 
last_mean_acc: 0.7517587939698492 
last_std: 0.020250695155386824 

GermanCredit0.2_0.2
0.7386934673366834 0.7537688442211056 0.7638190954773869 0.7587939698492462 0.7286432160804021 
last_mean_acc: 0.7487437185929647 
last_std: 0.013103924432568118 

GermanCredit0.3_0.1
0.7989949748743719 0.7939698492462312 0.7236180904522613 0.7437185929648241 0.6582914572864321 
last_mean_acc: 0.7437185929648241 
last_std: 0.05154123177872598 

GermanCredit0.4_0.4
0.678391959798995 0.6482412060301508 0.5879396984924623 0.6633165829145728 0.6482412060301508 
last_mean_acc: 0.6452261306532663 
last_std: 0.030747856363373592 

GermanCredit0.0_0.0
0.7487437185929648 0.8140703517587939 0.7386934673366834 0.7236180904522613 0.7537688442211056 
last_mean_acc: 0.7557788944723618 
last_std: 0.030911671355235558 

GermanCredit0.0_0.0
0.7487437185929648 0.8140703517587939 0.7386934673366834 0.7236180904522613 0.7537688442211056 
last_mean_acc: 0.7557788944723618 
last_std: 0.030911671355235558 

GermanCredit0.0_0.0
0.7487437185929648 0.8140703517587939 0.7386934673366834 0.7236180904522613 0.7537688442211056 
last_mean_acc: 0.7557788944723618 
last_std: 0.030911671355235558 

GermanCredit0.0_0.0
0.7487437185929648 0.8140703517587939 0.7386934673366834 0.7236180904522613 0.7537688442211056 
last_mean_acc: 0.7557788944723618 
last_std: 0.030911671355235558 

GermanCredit0.0_0.0
0.7487437185929648 0.8140703517587939 0.7386934673366834 0.7236180904522613 0.7537688442211056 
last_mean_acc: 0.7557788944723618 
last_std: 0.030911671355235558 

